
*******KRUSKAL'S ALGOTITHM FOR MINIMUM SPANNING TREE USING OPENMP*******
The number of verties taken for the graph is 9.
(Vertie starts from 0 to 8)
********************************************************************

The Adjacent Matrix --
0	2	0	7	4	0	0	10	3	
2	0	2	0	7	4	0	0	6	
0	2	0	5	0	2	1	0	4	
7	0	5	0	0	0	6	5	1	
4	7	0	0	0	0	0	0	0	
0	0	2	0	0	0	0	0	0	
0	0	1	6	0	0	0	0	0	
10	0	0	5	0	0	0	0	0	
3	6	4	1	0	0	0	0	0	

********************************************************************

********************************************************************
The Minimum Spanning Tree for thread 1
2	6	1
3	8	1
6	2	1
8	3	1
2	5	2
0	1	2
1	0	2
5	2	2
1	2	2
2	1	2
8	0	3
0	8	3
0	4	4
2	8	4
1	5	4
8	2	4
4	0	4
7	3	5
3	2	5
3	7	5
2	3	5
1	8	6
8	1	6
6	3	6
3	6	6
3	0	7
1	4	7
0	3	7
4	1	7
7	0	10
0	7	10

The Total Cost for the Graph is 134
1 Thread Takes	0.000061 Time

********************************************************************
The Minimum Spanning Tree for thread 2
0	1	2
0	3	7
0	4	4
0	7	10
0	8	3
1	0	2
1	2	2
1	4	7
1	5	4
1	8	6
2	1	2
2	3	5
2	5	2
0	1	2
2	8	4
3	0	7
3	2	5
3	6	6
3	7	5
1	0	2
4	0	4
4	1	7
5	2	2
1	2	2
6	3	6
7	0	10
7	3	5
8	0	3
8	1	6
8	2	4
2	1	2

The Total Cost for the Graph is 138
2 Thread Takes	0.000305 Time

********************************************************************
The Minimum Spanning Tree for thread 4
0	1	2
0	3	7
0	4	4
0	7	10
0	8	3
1	0	2
1	2	2
1	4	7
1	5	4
1	8	6
2	1	2
2	3	5
2	5	2
0	1	2
2	8	4
3	0	7
3	2	5
3	6	6
3	7	5
1	0	2
4	0	4
4	1	7
5	2	2
1	2	2
6	3	6
7	0	10
7	3	5
8	0	3
8	1	6
8	2	4
2	1	2

The Total Cost for the Graph is 138
4 Thread Takes	0.000183 Time

********************************************************************
The Minimum Spanning Tree for thread 6
0	1	2
0	3	7
0	4	4
0	7	10
0	8	3
1	0	2
1	2	2
1	4	7
1	5	4
1	8	6
0	8	3
2	3	5
1	5	4
0	4	4
2	8	4
3	0	7
3	2	5
3	6	6
3	7	5
1	5	4
4	0	4
4	1	7
0	4	4
2	8	4
6	3	6
7	0	10
7	3	5
1	5	4
8	1	6
3	7	5
2	3	5

The Total Cost for the Graph is 154
6 Thread Takes	0.000122 Time

********************************************************************
The Minimum Spanning Tree for thread 8

The Total Cost for the Graph is 0
8 Thread Takes	0.002258 Time

********************************************************************
The Minimum Spanning Tree for thread 10
0	1	2
0	3	7
0	4	4
0	7	10
0	8	3
1	0	2
1	2	2
1	4	7
1	5	4
1	8	6
2	1	2
2	3	5
2	5	2
2	6	1
2	8	4
3	0	7
3	2	5
3	6	6
3	7	5
3	8	1
4	0	4
4	1	7
5	2	2
6	2	1
6	3	6
7	0	10
7	3	5
8	0	3
8	1	6
8	2	4
8	3	1

The Total Cost for the Graph is 134
10 Thread Takes	0.000092 Time

********************************************************************
The Minimum Spanning Tree for thread 12
0	1	2
0	3	7
0	4	4
0	7	10
0	4	4
0	4	4
0	8	3
1	4	7
1	5	4
1	8	6
0	4	6
2	3	5
2	3	5
0	4	4
2	8	4
3	0	7
3	2	5
3	6	6
3	7	5
1	5	4
4	0	4
4	1	7
0	4	4
0	8	3
6	3	6
7	0	10
7	3	5
8	0	3
8	1	6
8	2	4
0	8	3

The Total Cost for the Graph is 157
12 Thread Takes	0.000061 Time

********************************************************************
The Minimum Spanning Tree for thread 14
2	6	1
3	8	1
6	2	1
8	3	1
2	5	2
0	1	2
1	0	2
5	2	2
1	2	2
2	1	2
8	0	3
0	8	3
0	4	4
2	8	4
1	5	4
8	2	4
4	0	4
7	3	5
3	2	5
3	7	5
2	3	5
1	8	6
8	1	6
6	3	6
3	6	6
3	0	7
1	4	7
0	3	7
4	1	7
7	0	10
0	7	10

The Total Cost for the Graph is 134
14 Thread Takes	0.000122 Time

********************************************************************
The Minimum Spanning Tree for thread 18
2	6	1
3	8	1
6	2	1
8	3	1
2	5	2
0	1	2
1	0	2
5	2	2
1	2	2
2	1	2
8	0	3
0	8	3
0	4	4
2	8	4
1	5	4
8	2	4
4	0	4
7	3	5
3	2	5
3	7	5
2	3	5
1	8	6
8	1	6
6	3	6
3	6	6
3	0	7
1	4	7
0	3	7
4	1	7
7	0	10
0	7	10

The Total Cost for the Graph is 134
18 Thread Takes	0.000153 Time

********************************************************************
The Minimum Spanning Tree for thread 22
2	6	1
3	8	1
6	2	1
8	3	1
2	5	2
0	1	2
1	0	2
5	2	2
1	2	2
2	1	2
8	0	3
0	8	3
0	4	4
2	8	4
1	5	4
8	2	4
4	0	4
7	3	5
3	2	5
3	7	5
2	3	5
1	8	6
8	1	6
6	3	6
3	6	6
3	0	7
1	4	7
0	3	7
4	1	7
7	0	10
0	7	10

The Total Cost for the Graph is 134
22 Thread Takes	0.000092 Time

********************************************************************
The Minimum Spanning Tree for thread 26
2	6	1
3	8	1
6	2	1
8	3	1
2	5	2
0	1	2
1	0	2
5	2	2
1	2	2
2	1	2
8	0	3
0	8	3
0	4	4
2	8	4
1	5	4
8	2	4
4	0	4
7	3	5
3	2	5
3	7	5
2	3	5
1	8	6
8	1	6
6	3	6
3	6	6
3	0	7
1	4	7
0	3	7
4	1	7
7	0	10
0	7	10

The Total Cost for the Graph is 134
26 Thread Takes	0.000122 Time

********************************************************************
The Minimum Spanning Tree for thread 30
0	1	2
0	3	7
0	4	4
0	7	10
0	8	3
1	0	2
1	2	2
1	4	7
1	5	4
1	8	6
2	1	2
2	3	5
2	5	2
2	6	1
2	8	4
3	0	7
3	2	5
3	6	6
3	7	5
3	8	1
4	0	4
4	1	7
5	2	2
6	2	1
6	3	6
7	0	10
7	3	5
8	0	3
8	1	6
8	2	4
8	3	1

The Total Cost for the Graph is 134
30 Thread Takes	0.000122 Time

********************************************************************
The Minimum Spanning Tree for thread 34
2	6	1
3	8	1
6	2	1
8	3	1
2	5	2
0	1	2
1	0	2
5	2	2
1	2	2
2	1	2
8	0	3
0	8	3
0	4	4
2	8	4
1	5	4
8	2	4
4	0	4
7	3	5
3	2	5
3	7	5
2	3	5
1	8	6
8	1	6
6	3	6
3	6	6
3	0	7
1	4	7
0	3	7
4	1	7
7	0	10
0	7	10

The Total Cost for the Graph is 134
34 Thread Takes	0.000122 Time

********************************************************************
The Minimum Spanning Tree for thread 38
2	6	1
3	8	1
6	2	1
8	3	1
2	5	2
0	1	2
1	0	2
5	2	2
1	2	2
2	1	2
8	0	3
0	8	3
0	4	4
2	8	4
1	5	4
8	2	4
4	0	4
7	3	5
3	2	5
3	7	5
2	3	5
1	8	6
8	1	6
6	3	6
3	6	6
3	0	7
1	4	7
0	3	7
4	1	7
7	0	10
0	7	10

The Total Cost for the Graph is 134
38 Thread Takes	0.000122 Time

********************************************************************
The Minimum Spanning Tree for thread 42
2	6	1
3	8	1
6	2	1
2	1	2
0	3	10
0	7	10
0	3	7
1	4	7
0	3	7
1	4	7
1	8	6
2	3	5
2	3	5
2	3	5
2	8	4
3	0	7
3	2	5
3	6	6
3	7	5
1	5	4
4	0	4
4	1	7
0	4	4
2	8	4
6	3	6
7	0	10
7	3	5
1	5	4
8	1	6
8	2	4
4	0	4

The Total Cost for the Graph is 163
42 Thread Takes	0.000153 Time

********************************************************************
The Minimum Spanning Tree for thread 46
2	6	1
3	8	1
6	2	1
8	3	1
0	8	3
0	7	10
0	3	7
1	4	7
0	3	7
1	8	6
0	4	4
2	3	5
1	5	4
0	4	4
2	8	4
3	0	7
3	2	5
3	6	6
3	7	5
1	5	4
4	0	4
4	1	7
0	4	4
0	8	3
6	3	6
7	0	10
7	3	5
8	0	3
8	1	6
8	2	4
0	8	3

The Total Cost for the Graph is 147
46 Thread Takes	0.000153 Time

********************************************************************
The Minimum Spanning Tree for thread 50
2	6	1
3	8	1
6	2	1
8	3	1
2	5	2
0	1	2
1	0	2
5	2	2
1	2	2
2	1	2
8	0	3
0	8	3
0	4	4
2	8	4
1	5	4
8	2	4
4	0	4
7	3	5
3	2	5
3	7	5
2	3	5
1	8	6
8	1	6
6	3	6
3	6	6
3	0	7
1	4	7
0	3	7
4	1	7
7	0	10
0	7	10

The Total Cost for the Graph is 134
50 Thread Takes	0.000153 Time

********************************************************************
The Minimum Spanning Tree for thread 54
2	6	1
3	8	1
6	2	1
8	3	1
2	5	2
0	1	2
1	0	2
5	2	2
1	2	2
2	1	2
8	0	3
0	8	3
0	4	4
2	8	4
1	5	4
8	2	4
4	0	4
7	3	5
3	2	5
3	7	5
2	3	5
1	8	6
8	1	6
6	3	6
3	6	6
3	0	7
1	4	7
0	3	7
4	1	7
7	0	10
0	7	10

The Total Cost for the Graph is 134
54 Thread Takes	0.000244 Time

********************************************************************
The Minimum Spanning Tree for thread 58
2	6	1
3	8	1
6	2	1
8	3	1
2	5	2
0	1	2
1	0	2
1	5	4
0	7	10
0	3	7
0	7	10
0	7	10
0	3	7
1	4	7
0	3	7
3	0	7
1	4	7
3	6	6
1	8	6
2	3	5
3	2	5
4	1	7
3	7	5
2	8	4
6	3	6
7	0	10
7	3	5
1	5	4
8	1	6
8	2	4
4	0	4

The Total Cost for the Graph is 163
58 Thread Takes	0.000214 Time

********************************************************************
The Minimum Spanning Tree for thread 62
2	6	1
3	8	1
6	2	1
8	3	1
2	5	2
0	1	2
1	0	2
5	2	2
1	2	2
2	1	2
8	0	3
0	8	3
0	4	4
2	8	4
1	5	4
8	2	4
4	0	4
7	3	5
3	2	5
3	7	5
2	3	5
1	8	6
8	1	6
6	3	6
3	6	6
3	0	7
1	4	7
0	3	7
4	1	7
7	0	10
0	7	10

The Total Cost for the Graph is 134
62 Thread Takes	0.000183 Time

********************************************************************
The Average Cost of MST for 20 different threads is 133
The Average Time taken by 20 different threads is 0.000252
*******XXXXXX*******